0 Mitosis4 12474 6058 12468 6058 12465 6058 12462 6058 12461 6058 12460 6058 12459 6059 12459 6060 12458 6060 12458 6061 12457 6061 12456 6062 12455 6063 12454 6064 12453 6066 12453 6067 12452 6068 12452 6069 12452 6070 12452 6072 12452 6073 12452 6074 12452 6075 12452 6076 12454 6078 12454 6079 12454 6080 12456 6081 12457 6084 12457 6085 12458 6086 12458 6087 12459 6087 12459 6088 12459 6089 12461 6091 12463 6094 12466 6095 12468 6095 12470 6095 12472 6095 12475 6095 12477 6095 12478 6094 12479 6092 12481 6088 12482 6088 12482 6087 12482 6086 12482 6084 12482 6083 12483 6082 12483 6081 12483 6080 12483 6079 12483 6076 12483 6072 12483 6071 12482 6067 12481 6066 12481 6065 12480 6065 12479 6065 12479 6064 12478 6064 12478 6063 12477 6063 12476 6063 12475 6063 12474 6063 12474 6058 
2 Mitosis7 9329 7010 9390 7051 
2 Mitosis9 8226 11010 8264 11053 
2 Mitosis11 9082 7661 9122 7699 
2 Mitosis14 11953 8522 12000 8562 
2 Mitosis16 11946 10855 11993 10891 
2 Mitosis20 12059 13515 12121 13545 
2 Mitosis22 13155 8373 13199 8424 
2 Mitosis24 13591 6665 13637 6708 
2 Mitosis26 13936 7857 13985 7887 
2 Mitosis29 13792 7894 13826 7925 
2 Mitosis31 13818 9080 13863 9108 
2 Mitosis35 14036 9923 14087 9969 
2 Mitosis37 13156 10647 13211 10674 
2 Mitosis39 14265 11029 14304 11068 
2 Mitosis41 15146 7050 15184 7074 
2 Mitosis43 14817 8448 14854 8472 
2 Mitosis46 14463 9257 14500 9285 
2 Mitosis48 14539 9203 14579 9236 
2 Mitosis50 17279 7536 17314 7569 
2 Mitosis52 18888 7358 18958 7401 
2 Mitosis54 20911 8004 20952 8044 
2 Mitosis58 22118 8919 22182 8960 
2 Mitosis60 21709 2007 21753 2044 
2 Mitosis62 21718 2103 21764 2136 
2 Mitosis64 21716 2066 21752 2100 
2 Mitosis66 20890 3901 20921 3966 
2 Mitosis68 20724 3859 20757 3884 
2 Mitosis70 21944 5014 21978 5051 
2 Mitosis72 22191 3592 22223 3616 
2 Mitosis76 22553 3538 22586 3580 
2 Mitosis79 21990 9419 22037 9470 
2 Mitosis82 23285 3958 23323 3993 
2 Mitosis84 24081 4107 24127 4134 
2 Mitosis87 25758 3791 25801 3850 
2 Mitosis89 28031 9759 28059 9784 
2 Mitosis91 16048 26290 16078 26329 
2 Mitosis93 17572 34288 17619 34337 
2 Mitosis95 17900 32862 17936 32900 
2 Mitosis97 17247 30661 17287 30689 
