0 Mitosis4 12474 6058 12468 6058 12465 6058 12462 6058 12461 6058 12460 6058 12459 6059 12459 6060 12458 6060 12458 6061 12457 6061 12456 6062 12455 6063 12454 6064 12453 6066 12453 6067 12452 6068 12452 6069 12452 6070 12452 6072 12452 6073 12452 6074 12452 6075 12452 6076 12454 6078 12454 6079 12454 6080 12456 6081 12457 6084 12457 6085 12458 6086 12458 6087 12459 6087 12459 6088 12459 6089 12461 6091 12463 6094 12466 6095 12468 6095 12470 6095 12472 6095 12475 6095 12477 6095 12478 6094 12479 6092 12481 6088 12482 6088 12482 6087 12482 6086 12482 6084 12482 6083 12483 6082 12483 6081 12483 6080 12483 6079 12483 6076 12483 6072 12483 6071 12482 6067 12481 6066 12481 6065 12480 6065 12479 6065 12479 6064 12478 6064 12478 6063 12477 6063 12476 6063 12475 6063 12474 6063 12474 6058 
2 Mitosis6 10678 6951 10714 6984 
2 Mitosis7 9329 7010 9390 7051 
2 Mitosis8 7682 8204 7711 8231 
2 Mitosis9 8226 11010 8264 11053 
2 Mitosis10 8577 8867 8620 8904 
2 Mitosis11 9082 7661 9122 7699 
2 Mitosis12 12241 6795 12285 6827 
2 Mitosis14 11953 8522 12000 8562 
2 Mitosis15 11809 10786 11843 10818 
2 Mitosis16 11946 10855 11993 10891 
2 Mitosis18 11844 12292 11875 12328 
2 Mitosis20 12059 13515 12121 13545 
2 Mitosis21 12757 10123 12801 10155 
2 Mitosis22 13155 8373 13199 8424 
2 Mitosis23 13259 8225 13293 8257 
2 Mitosis24 13591 6665 13637 6708 
2 Mitosis25 13196 7012 13235 7037 
2 Mitosis26 13936 7857 13985 7887 
2 Mitosis28 13373 8574 13435 8534 
2 Mitosis29 13792 7894 13826 7925 
2 Mitosis30 14042 8932 14080 8956 
2 Mitosis31 13818 9080 13863 9108 
2 Mitosis34 13801 9239 13836 9111 
2 Mitosis35 14036 9923 14087 9969 
2 Mitosis36 13760 10123 13807 10158 
2 Mitosis37 13156 10647 13211 10674 
2 Nitosis38 12976 11358 13030 11380 
2 Mitosis39 14265 11029 14304 11068 
2 Mitosis40 14832 11235 14874 11266 
2 Mitosis41 15146 7050 15184 7074 
2 Mitosis42 14673 7872 14706 7897 
2 Mitosis43 14817 8448 14854 8472 
2 Mitosis44 14925 8574 14956 8605 
2 Mitosis46 14463 9257 14500 9285 
2 Mitosis47 14550 9385 14585 9419 
2 Mitosis48 14539 9203 14579 9236 
2 Mitosis49 15781 6988 15846 7046 
2 Mitosis50 17279 7536 17314 7569 
2 Mitosis51 17043 7737 17081 7774 
2 Mitosis52 18888 7358 18958 7401 
2 Mitosis53 20894 7932 20926 7966 
2 Mitosis54 20911 8004 20952 8044 
2 Mitosis55 20525 8286 20566 8315 
2 Mitosis58 22118 8919 22182 8960 
2 Mitosis59 20352 950 20396 998 
2 Mitosis60 21709 2007 21753 2044 
2 Mitosis61 21760 2086 21803 2119 
2 Mitosis62 21718 2103 21764 2136 
2 Mitosis63 21758 2176 21802 2213 
2 Mitosis64 21716 2066 21752 2100 
2 Mitosis65 20667 3192 20708 3244 
2 Mitosis66 20890 3901 20921 3966 
2 Mitosis67 20845 4053 20888 4087 
2 Mitosis68 20724 3859 20757 3884 
2 Mitosis69 20672 3846 20708 3879 
2 Mitosis70 21944 5014 21978 5051 
2 Mitosis71 21735 4359 21791 4401 
2 Mitosis72 22191 3592 22223 3616 
2 Mitosis75 22209 3079 22279 3118 
2 Mitosis76 22553 3538 22586 3580 
2 Mitosis77 22849 4281 22898 4312 
2 Mitosis79 21990 9419 22037 9470 
2 Mitosis81 22068 9424 22122 9448 
2 Mitosis82 23285 3958 23323 3993 
2 Mitosis83 23206 3970 23243 3998 
2 Mitosis84 24081 4107 24127 4134 
2 Mitosis85 24608 3677 24668 3720 
2 Mitosis87 25758 3791 25801 3850 
2 Mitosis88 25887 4051 25926 4082 
2 Mitosis89 28031 9759 28059 9784 
2 Mitosis90 12472 27589 12513 27617 
2 Mitosis91 16048 26290 16078 26329 
2 Mitosis92 15654 26047 15689 26080 
2 Mitosis93 17572 34288 17619 34337 
2 Mitosis94 17029 33693 17071 33736 
2 Mitosis95 17900 32862 17936 32900 
2 Mitosis96 17457 31705 17503 31741 
2 Mitosis97 17247 30661 17287 30689 
2 Mitosis113 23257 6291 23301 6313 
