2 Mitosis1 6595 24009 6642 24051 
2 Mitosis2 7032 26205 7074 26239 
2 Mitosis3 7215 28131 7250 28166 
2 Mitosis4 7169 28854 7236 28915 
2 Mitosis5 8015 28830 8056 28876 
2 Mitosis6 7964 28828 7996 28863 
2 Mitosis7 8441 29074 8474 29116 
2 Mitosis8 8550 28756 8586 28779 
2 Mitosis9 10245 20444 10302 20490 
2 Mitosis10 9705 20454 9740 20492 
2 Mitosis11 14315 18896 14372 18955 
2 Mitosis12 15574 17442 15617 17473 
2 Mitosis13 19544 21516 19580 21541 
2 Mitosis14 18813 31985 18863 32018 
2 Mitosis15 19485 33689 19542 33720 
2 Mitosis16 19342 35558 19376 35594 
2 Mitosis17 18723 36330 18790 36357 
2 Mitosis18 21150 37785 21186 37819 
2 Mitosis19 21629 37671 21678 37707 
2 Mitosis20 20390 35889 20439 35925 
2 Mitosis21 21174 36082 21216 36106 
2 Mitosis22 21375 35976 21429 36014 
2 Mitosis23 21355 36002 21389 36037 
2 Mitosis24 20886 35306 20921 35332 
2 Mitosis25 20310 35118 20374 35168 
2 Mitosis26 22590 28761 22637 28810 
2 Mitosis27 22075 28985 22114 29036 
2 Mitosis28 22768 34280 22815 34309 
2 Mitosis29 22839 34641 22891 34698 
2 Mitosis30 38424 10885 38489 10925 
2 Mitosis31 43289 11803 43348 11856 
2 Mitosis32 43682 11694 43723 11743 
2 Mitosis33 43488 23822 43532 23856 
2 Mitosis34 44096 23978 44139 24016 
2 Mitosis35 43367 23998 43419 24042 
2 Mitosis36 46742 13748 46797 13785 
2 Mitosis37 47799 14134 47858 14180 
2 Mitosis38 47213 17170 47214 17170 
2 Mitosis39 47209 17151 47269 17204 
2 Mitosis40 48309 19166 48309 19164 
2 Mitosis41 48308 19160 48350 19189 
2 Mitosis42 49914 11649 49952 11681 
2 Mitosis43 49791 8471 49839 8509 
2 Mitosis44 50347 8362 50386 8404 
2 Mitosis45 50495 8588 50554 8625 
2 Mitosis46 50610 7218 50667 7256 
2 Mitosis47 52977 920 53013 949 
2 Mitosis48 52651 9587 52702 9640 
2 Mitosis49 52036 12018 52081 12072 
2 Mitosis50 52292 12640 52350 12688 
2 Mitosis51 52794 15517 52838 15558 
2 Mitosis52 53329 16433 53365 16468 
2 Mitosis53 60702 5257 60736 5294 
